#Accelerometer
accelerometer_noise_density: 0.028719403795559918
accelerometer_random_walk: 0.0003713945394468085

#Gyroscope
gyroscope_noise_density: 0.0008195883337628929
gyroscope_random_walk: 2.7957082331954703e-05

rostopic: "/utlidar/imu" #Make sure this is correct
update_rate: 400.0 #Make sure this is correct

